entry_date,exit_date,entry_price,exit_price,position,position_size,pnl,pnl_pct,pnl_dollar,exit_reason,hold_days
2002-06-12,2002-06-13,16.96346664428711,16.624197311401367,long,294,-0.019999999999999983,-1.9999999999999982,-99.74518386840812,stop_loss,1
2002-06-14,2002-06-19,16.874897003173828,16.603071212768555,long,293,-0.01610829330419904,-1.610829330419904,-79.64495658874512,time_limit,5
2002-06-26,2002-06-27,16.53282356262207,16.202167091369628,long,297,-0.020000000000000077,-2.0000000000000075,-98.20497196197547,stop_loss,1
2002-07-05,2002-07-08,16.752727508544922,16.417672958374023,long,290,-0.020000000000000007,-2.000000000000001,-97.16581954956058,stop_loss,3
2002-08-19,2002-08-20,15.882251739501953,15.564606704711913,long,303,-0.020000000000000052,-2.0000000000000053,-96.24644554138209,stop_loss,1
2002-09-10,2002-09-11,15.207258224487305,14.903113059997558,long,313,-0.020000000000000018,-2.0000000000000018,-95.19743648529061,stop_loss,1
2002-10-11,2002-10-14,14.926264762878418,14.627739467620849,long,316,-0.020000000000000056,-2.0000000000000058,-94.33399330139187,stop_loss,3
2002-10-14,2002-10-21,15.054544448852539,16.03802490234375,long,310,0.06532781226509793,6.532781226509793,304.8789405822754,time_limit,7
2002-10-23,2002-10-24,16.24877166748047,15.92379623413086,long,296,-0.01999999999999997,-1.999999999999997,-96.19272827148423,stop_loss,1
2002-10-25,2002-10-28,16.089942932128906,15.768144073486328,long,296,-0.02000000000000003,-2.000000000000003,-95.25246215820327,stop_loss,3
2002-11-14,2002-11-15,17.406339645385742,17.05821285247803,long,271,-0.019999999999999917,-1.9999999999999918,-94.34236087799033,stop_loss,1
2002-11-20,2002-11-25,17.2933349609375,17.785076141357422,long,270,0.028435300740468846,2.8435300740468845,132.7701187133789,time_limit,5
2002-12-16,2002-12-18,16.639713287353516,16.306919021606443,long,285,-0.02000000000000011,-2.000000000000011,-94.84636573791556,stop_loss,2
2003-01-07,2003-01-08,17.04288673400879,16.70202899932861,long,275,-0.02000000000000012,-2.000000000000012,-93.73587703704888,stop_loss,1
2003-01-09,2003-01-14,17.045940399169922,17.400243759155273,long,272,0.020785204669764357,2.0785204669764354,96.37051391601562,time_limit,5
2003-03-17,2003-03-24,15.89043140411377,15.572622776031494,long,295,-0.02,-2.0,-93.75354528427124,stop_loss,7
2003-04-17,2003-04-22,15.626910209655762,15.786249160766602,long,297,0.010196446320679913,1.0196446320679913,47.323668479919434,time_limit,5
2003-04-22,2003-04-25,15.786249160766602,15.470524177551269,long,296,-0.020000000000000035,-2.0000000000000036,-93.45459503173845,stop_loss,3
2003-05-06,2003-05-07,16.160057067871094,15.836855926513671,long,286,-0.020000000000000052,-2.0000000000000053,-92.4355264282229,stop_loss,1
2003-05-09,2003-05-14,16.15393829345703,15.83085952758789,long,283,-0.020000000000000035,-2.0000000000000036,-91.43129074096696,stop_loss,5
2003-06-16,2003-06-23,15.559502601623535,15.798510551452637,long,291,0.015360899120526038,1.5360899120526037,69.55131340026855,time_limit,7
2003-07-01,2003-07-07,16.02523422241211,16.80352210998535,long,285,0.04856639701931887,4.856639701931887,221.81204795837402,time_limit,6
2003-07-07,2003-07-10,16.80352210998535,16.467451667785646,long,278,-0.019999999999999917,-1.9999999999999918,-93.42758293151816,stop_loss,3
2003-07-11,2003-07-16,16.736112594604492,16.86481285095215,long,277,0.007689973141621165,0.7689973141621165,35.64997100830078,time_limit,5
2003-07-25,2003-07-29,16.478734970092773,16.149160270690917,long,282,-0.02000000000000006,-2.0000000000000058,-92.94006523132353,stop_loss,4
2003-08-19,2003-08-20,16.313278198242188,15.987012634277344,long,282,-0.020000000000000014,-2.0000000000000013,-92.006889038086,stop_loss,1
2003-09-02,2003-09-08,16.705476760864258,17.673742294311523,long,273,0.05796096377899319,5.796096377899318,264.3364906311035,time_limit,6
2003-09-08,2003-09-10,17.673742294311523,17.32026744842529,long,265,-0.02000000000000011,-2.000000000000011,-93.67083415985161,stop_loss,2
2003-09-12,2003-09-17,17.36731719970703,17.46537208557129,long,267,0.005645943166507714,0.5645943166507714,26.180654525756836,time_limit,5
2003-09-18,2003-09-22,18.07819938659668,17.716635398864746,long,257,-0.020000000000000014,-2.0000000000000013,-92.921944847107,stop_loss,4
2003-10-16,2003-10-21,18.013229370117188,18.087181091308594,long,256,0.004105411621199222,0.4105411621199222,18.931640625,time_limit,5
2003-12-16,2003-12-22,16.67594337463379,16.749900817871094,long,277,0.004434978074452044,0.44349780744520445,20.4862117767334,time_limit,6
2003-12-26,2003-12-31,16.76837921142578,16.866987228393555,long,276,0.005880593212048966,0.5880593212048966,27.21581268310547,time_limit,5
2004-01-05,2004-01-12,17.34149742126465,16.994667472839357,long,267,-0.019999999999999928,-1.9999999999999927,-92.60359622955288,stop_loss,7
2004-01-14,2004-01-20,17.07035255432129,17.31685447692871,long,269,0.014440353344958943,1.4440353344958943,66.30901718139648,time_limit,6
2004-01-21,2004-01-26,17.440105438232422,17.748233795166016,long,265,0.017667803559152276,1.7667803559152275,81.65401458740234,time_limit,5
2004-01-26,2004-01-27,17.748233795166016,17.393269119262694,long,263,-0.020000000000000073,-2.000000000000007,-93.35570976257358,stop_loss,1
2004-04-22,2004-04-27,15.991903305053711,16.77454376220703,long,289,0.048939794233622755,4.893979423362276,226.18309211730957,time_limit,5
2004-05-10,2004-05-17,15.979574203491211,15.739233016967773,long,296,-0.015040525076752537,-1.5040525076752538,-71.1409912109375,time_limit,7
2004-05-25,2004-06-01,16.08433723449707,16.09050750732422,long,292,0.0003836199612822512,0.03836199612822512,1.8017196655273438,time_limit,7
2004-06-07,2004-06-14,16.28770637512207,16.57734489440918,long,288,0.017782646163704473,1.7782646163704472,83.4158935546875,time_limit,7
2004-06-14,2004-06-21,16.57734489440918,17.470922470092773,long,286,0.053903540125111275,5.390354012511128,255.5631866455078,time_limit,7
2004-06-29,2004-07-06,17.5633544921875,17.267555236816406,long,277,-0.016841842798462597,-1.6841842798462596,-81.93639373779297,time_limit,7
2004-07-12,2004-07-16,17.18744468688965,16.843695793151856,long,281,-0.01999999999999999,-1.9999999999999991,-96.59343914031979,stop_loss,4
2004-10-01,2004-10-06,17.460647583007812,17.633708953857422,long,274,0.009911509296941975,0.9911509296941975,47.41881561279297,time_limit,5
2004-11-04,2004-11-09,17.924205780029297,18.400121688842773,long,268,0.02655157582177115,2.655157582177115,127.54546356201172,time_limit,5
2004-11-09,2004-11-15,18.400121688842773,18.86817741394043,long,264,0.025437642914148215,2.5437642914148215,123.56671142578125,time_limit,6
2004-12-01,2004-12-06,18.771739959716797,18.826847076416016,long,262,0.002935642450698541,0.2935642450698541,14.438064575195312,time_limit,5
2004-12-06,2004-12-13,18.826847076416016,18.771739959716797,long,262,-0.002927049679404378,-0.2927049679404378,-14.438064575195312,time_limit,7
2004-12-14,2004-12-20,18.75794792175293,18.5650691986084,long,263,-0.010282506591291716,-1.0282506591291716,-50.72710418701172,time_limit,6
2005-01-10,2005-01-13,18.461740493774414,18.092505683898924,long,266,-0.020000000000000084,-2.0000000000000084,-98.2164594268803,stop_loss,3
2005-04-12,2005-04-15,17.49601936340332,17.146098976135253,long,277,-0.020000000000000056,-2.0000000000000058,-96.92794727325467,stop_loss,3
2005-04-29,2005-05-04,17.482210159301758,17.420013427734375,long,275,-0.0035577155863379096,-0.35577155863379095,-17.104101181030273,time_limit,5
2005-05-13,2005-05-18,17.482210159301758,17.814937591552734,long,274,0.01903234369219285,1.9032343692192848,91.16731643676758,time_limit,5
2005-05-27,2005-06-01,18.0714111328125,17.891183853149414,long,268,-0.0099730606723813,-0.9973060672381301,-48.30091094970703,time_limit,5
2005-07-12,2005-07-18,17.75255012512207,17.710954666137695,long,271,-0.0023430695134617446,-0.23430695134617446,-11.272369384765625,time_limit,6
2005-08-02,2005-08-08,18.584375381469727,18.80618667602539,long,259,0.011935364520070426,1.1935364520070426,57.44912528991699,time_limit,6
2005-08-25,2005-08-30,18.792448043823242,18.896743774414062,long,258,0.005549874627701873,0.5549874627701873,26.90829849243164,time_limit,5
2005-11-02,2005-11-07,18.396162033081055,18.77854347229004,long,264,0.020785935594683485,2.0785935594683487,100.94869995117188,time_limit,5
2005-11-07,2005-11-14,18.77854347229004,19.028831481933594,long,261,0.013328403771724055,1.3328403771724056,65.32517051696777,time_limit,7
2005-12-02,2005-12-07,19.530879974365234,19.349584579467773,long,253,-0.00928250007861477,-0.928250007861477,-45.86773490905762,time_limit,5
2005-12-20,2005-12-27,18.729005813598633,18.450090408325195,long,262,-0.014892162886239506,-1.4892162886239506,-73.07583618164062,time_limit,7
2006-03-01,2006-03-06,18.988372802734375,18.827451705932617,long,257,-0.008474717579727778,-0.8474717579727777,-41.35672187805176,time_limit,5
2006-03-07,2006-03-13,18.932384490966797,18.967384338378906,long,257,0.0018486761363212775,0.18486761363212775,8.99496078491211,time_limit,6
2006-03-20,2006-03-22,19.513107299804688,19.122845153808594,long,249,-0.01999999999999998,-1.999999999999998,-97.17527435302723,stop_loss,2
2006-08-15,2006-08-21,17.35611343383789,18.413557052612305,long,277,0.06092629106196073,6.092629106196073,292.9118824005127,time_limit,6
2006-08-21,2006-08-23,18.413557052612305,18.045285911560057,long,269,-0.020000000000000063,-2.000000000000006,-99.0649369430545,stop_loss,2
2006-09-11,2006-09-18,18.265506744384766,18.885875701904297,long,269,0.03396396093474093,3.396396093474093,166.8792495727539,time_limit,7
2006-09-20,2006-09-22,19.16081428527832,18.777597999572755,long,261,-0.019999999999999928,-1.9999999999999927,-100.01945056915247,stop_loss,2
2006-09-27,2006-10-02,19.344097137451172,19.287704467773438,long,255,-0.0029152391697080168,-0.29152391697080166,-14.380130767822266,time_limit,5
2006-10-04,2006-10-09,19.696575164794922,19.541488647460938,long,251,-0.007873780900305017,-0.7873780900305016,-38.92671585083008,time_limit,5
2006-10-12,2006-10-17,19.893962860107422,20.049057006835938,long,247,0.007796040830030893,0.7796040830030893,38.30825424194336,time_limit,5
2006-10-17,2006-10-23,20.049057006835938,20.056110382080078,long,246,0.000351805835144052,0.0351805835144052,1.7351303100585938,time_limit,6
2006-11-07,2006-11-13,20.408588409423828,20.690570831298828,long,242,0.013816850838384902,1.3816850838384902,68.23974609375,time_limit,6
2006-11-13,2006-11-20,20.690570831298828,21.143287658691406,long,240,0.021880344968914486,2.1880344968914485,108.65203857421875,time_limit,7
2006-12-08,2006-12-13,20.796680450439453,20.90278434753418,long,242,0.00510196314010703,0.510196314010703,25.677143096923828,time_limit,5
2006-12-14,2006-12-19,21.270612716674805,21.214021682739258,long,237,-0.0026605267412528793,-0.26605267412528794,-13.41207504272461,time_limit,5
2006-12-26,2007-01-03,21.214021682739258,21.122066497802734,long,237,-0.004334641790780414,-0.43346417907804147,-21.793378829956055,time_limit,8
2007-01-11,2007-01-16,21.71625518798828,22.041648864746094,long,231,0.014983876084574407,1.4983876084574406,75.16593933105469,time_limit,5
2007-01-19,2007-01-24,22.006282806396484,21.99213409423828,long,230,-0.0006429396678520632,-0.06429396678520632,-3.2542037963867188,time_limit,5
2007-04-12,2007-04-17,20.258344650268555,20.47838592529297,long,250,0.010861759873430582,1.086175987343058,55.010318756103516,time_limit,5
2007-04-17,2007-04-19,20.47838592529297,20.06881820678711,long,248,-0.019999999999999952,-1.9999999999999951,-101.57279418945288,stop_loss,2
2007-05-01,2007-05-07,21.578603744506836,21.79865264892578,long,233,0.010197550639714682,1.019755063971468,51.27139472961426,time_limit,6
2007-05-07,2007-05-14,21.79865264892578,21.983205795288086,long,232,0.008466263917068256,0.8466263917068256,42.81632995605469,time_limit,7
2007-05-30,2007-06-04,22.154123306274414,21.711040840148925,long,229,-0.020000000000000025,-2.0000000000000027,-101.46588474273695,stop_loss,5
2007-06-04,2007-06-07,21.876388549804688,21.438860778808593,long,230,-0.020000000000000046,-2.0000000000000044,-100.63138732910178,stop_loss,3
2007-06-08,2007-06-13,21.399269104003906,21.641387939453125,long,233,0.011314350703871337,1.1314350703871336,56.41368865966797,time_limit,5
2007-06-13,2007-06-18,21.641387939453125,21.726850509643555,long,231,0.0039490336955065606,0.3949033695506561,19.741853713989258,time_limit,5
2007-07-17,2007-07-23,21.919116973876953,22.211097717285156,long,229,0.013320826005727497,1.3320826005727497,66.86359024047852,time_limit,6
2007-09-25,2007-10-01,21.12410545349121,21.27418327331543,long,239,0.0071045763407422855,0.7104576340742286,35.86859893798828,time_limit,6
2007-10-01,2007-10-08,21.27418327331543,21.324203491210938,long,238,0.0023512168365235914,0.23512168365235914,11.90481185913086,time_limit,7
2007-10-24,2007-10-29,22.331817626953125,24.704347610473633,long,227,0.10623989606009547,10.623989606009546,538.5643062591553,time_limit,5
2007-10-30,2007-11-05,25.418973922729492,26.2479248046875,long,210,0.03261150054592742,3.261150054592742,174.07968521118164,time_limit,6
2007-11-13,2007-11-14,24.7071590423584,24.21301586151123,long,220,-0.01999999999999999,-1.9999999999999991,-108.71149978637689,stop_loss,1
2007-12-13,2007-12-17,25.252073287963867,24.74703182220459,long,213,-0.019999999999999976,-1.9999999999999976,-107.57383220672595,stop_loss,4
2007-12-24,2007-12-28,26.227163314819336,25.70262004852295,long,203,-0.020000000000000018,-2.0000000000000018,-106.48228305816659,stop_loss,4
2008-04-01,2008-04-03,21.233123779296875,20.80846130371094,long,248,-0.019999999999999952,-1.9999999999999951,-105.31629394531225,stop_loss,2
2008-04-23,2008-04-25,22.636667251586914,22.183933906555175,long,230,-0.02000000000000001,-2.000000000000001,-104.12866935729987,stop_loss,2
2008-05-01,2008-05-06,21.161134719848633,21.3770809173584,long,244,0.010204849615517703,1.0204849615517704,52.69087219238281,time_limit,5
2008-05-06,2008-05-07,21.3770809173584,20.94953929901123,long,243,-0.019999999999999952,-1.9999999999999951,-103.89261325836158,stop_loss,1
2008-05-12,2008-05-19,21.585800170898438,21.282394409179688,long,238,-0.014055803320545691,-1.405580332054569,-72.2105712890625,time_limit,7
2008-08-08,2008-08-13,20.321578979492188,20.162643432617188,long,251,-0.007821023505869898,-0.7821023505869897,-39.892822265625,time_limit,5
2008-08-22,2008-08-26,20.192291259765625,19.788445434570313,long,252,-0.01999999999999996,-1.9999999999999958,-101.76914794921854,stop_loss,4
2008-08-28,2008-08-29,20.264814376831055,19.859518089294433,long,248,-0.020000000000000042,-2.000000000000004,-100.51347930908224,stop_loss,1
2008-09-11,2008-09-15,19.82964324951172,19.433050384521483,long,251,-0.02000000000000008,-2.000000000000008,-99.54480911254922,stop_loss,4
2008-09-25,2008-09-29,19.3001708984375,18.91416748046875,long,255,-0.020000000000000087,-2.000000000000009,-98.43087158203168,stop_loss,4
2008-09-30,2008-10-02,19.358196258544922,18.971032333374023,long,252,-0.020000000000000035,-2.0000000000000036,-97.56530914306659,stop_loss,2
2009-01-02,2009-01-07,14.845189094543457,14.548285312652588,long,326,-0.01999999999999998,-1.999999999999998,-96.79063289642325,stop_loss,5
2009-03-26,2009-03-27,13.844151496887207,13.567268466949463,long,346,-0.020000000000000025,-2.0000000000000027,-95.80152835845959,stop_loss,1
2009-04-01,2009-04-03,14.197052001953125,13.913110961914063,long,334,-0.019999999999999987,-1.9999999999999987,-94.83630737304681,stop_loss,2
2009-04-16,2009-04-17,14.527908325195312,14.237350158691406,long,323,-0.02000000000000002,-2.000000000000002,-93.85028778076182,stop_loss,1
2009-04-21,2009-04-23,13.947084426879883,13.668142738342285,long,333,-0.020000000000000035,-2.0000000000000036,-92.88758228302018,stop_loss,2
2009-05-12,2009-05-18,14.623486518859863,15.145483016967773,long,314,0.035695762254418124,3.5695762254418124,163.9069004058838,time_limit,6
2009-05-26,2009-06-01,15.049307823181152,15.833582878112793,long,311,0.05211369613448833,5.211369613448833,243.90954208374023,time_limit,6
2009-06-01,2009-06-08,15.833582878112793,16.314502716064453,long,303,0.030373405795377444,3.0373405795377444,145.71871089935303,time_limit,7
2009-06-10,2009-06-15,16.6844482421875,17.328155517578125,long,292,0.038581274372800504,3.8581274372800505,187.9625244140625,time_limit,5
2009-06-29,2009-07-02,17.653703689575195,17.30062961578369,long,281,-0.02,-2.0,-99.2138147354126,stop_loss,3
2009-07-15,2009-07-20,17.846071243286133,18.149433135986328,long,276,0.016998805426954856,1.6998805426954855,83.7278823852539,time_limit,5
2009-07-28,2009-08-03,17.365148544311523,17.631507873535156,long,286,0.015338730247193124,1.5338730247193124,76.17876815795898,time_limit,6
2009-08-18,2009-08-24,17.54463005065918,18.33332633972168,long,285,0.04495371442915477,4.495371442915477,224.7784423828125,time_limit,6
2009-08-27,2009-09-01,18.370529174804688,18.003118591308592,long,278,-0.020000000000000094,-2.0000000000000093,-102.14014221191454,stop_loss,5
2009-09-03,2009-09-08,17.938976287841797,18.467252731323242,long,282,0.029448527887262245,2.9448527887262244,148.97395706176758,time_limit,5
2009-09-14,2009-09-21,18.601184844970703,18.824398040771484,long,276,0.011999945039045862,1.1999945039045863,61.606842041015625,time_limit,7
2009-10-06,2009-10-12,18.683021545410156,19.136898040771484,long,276,0.02429352737501026,2.429352737501026,125.26991271972656,time_limit,6
2009-10-15,2009-10-16,19.873502731323242,19.47603267669678,long,263,-0.019999999999999934,-1.9999999999999933,-104.53462436675991,stop_loss,1
2009-11-09,2009-11-16,21.56992530822754,21.979156494140625,long,240,0.01897230426463232,1.8972304264632318,98.21548461914062,time_limit,7
2009-11-17,2009-11-23,22.420082092285156,22.375240325927734,long,233,-0.002000071461506919,-0.2000071461506919,-10.448131561279297,time_limit,6
2009-12-01,2009-12-07,22.427555084228516,22.263145446777344,long,233,-0.007330698189513661,-0.7330698189513661,-38.30744552612305,time_limit,6
2009-12-10,2009-12-15,22.322933197021484,22.43503189086914,long,233,0.0050216829866521935,0.5021682986652194,26.118995666503906,time_limit,5
2009-12-18,2009-12-23,22.68913459777832,23.107633590698242,long,230,0.01844490767668594,1.844490767668594,96.25476837158203,time_limit,5
2009-12-23,2009-12-28,23.107633590698242,23.294466018676758,long,228,0.008085312035314738,0.8085312035314738,42.59779357910156,time_limit,5
2010-01-14,2010-01-19,23.13752555847168,23.242155075073242,long,228,0.004522070276579466,0.4522070276579466,23.85552978515625,time_limit,5
2010-01-19,2010-01-20,23.242155075073242,22.777311973571777,long,228,-0.02000000000000001,-2.000000000000001,-105.98422714233405,stop_loss,1
2010-03-11,2010-03-16,21.90924644470215,22.051902770996094,long,239,0.006511238378462847,0.6511238378462847,34.09486198425293,time_limit,5
2010-03-23,2010-03-29,22.43482780456543,22.217084884643555,long,234,-0.00970557571552053,-0.9705575715520529,-50.95184326171875,time_limit,6
2010-04-08,2010-04-13,22.464860916137695,22.86280059814453,long,233,0.017713872500362327,1.7713872500362327,92.71994590759277,time_limit,5
2010-04-13,2010-04-19,22.86280059814453,23.3057861328125,long,231,0.019375821118954254,1.9375821118954255,102.32965850830078,time_limit,6
2010-08-02,2010-08-04,19.85858154296875,19.461409912109374,long,268,-0.020000000000000028,-2.0000000000000027,-106.44199707031265,stop_loss,2
2010-08-06,2010-08-10,19.27029037475586,18.88488456726074,long,274,-0.02000000000000006,-2.0000000000000058,-105.60119125366242,stop_loss,4
2010-09-16,2010-09-21,19.206270217895508,19.069793701171875,long,272,-0.007105831334002078,-0.7105831334002077,-37.121612548828125,time_limit,5
2010-10-15,2010-10-19,19.365510940551758,18.978200721740723,long,269,-0.019999999999999962,-1.9999999999999962,-104.18644886016827,stop_loss,4
2010-10-26,2010-11-01,19.638469696044922,20.43463134765625,long,262,0.04054092115801012,4.054092115801012,208.59435272216797,time_limit,6
2010-11-02,2010-11-05,20.768251419067383,20.352886390686034,long,253,-0.020000000000000035,-2.0000000000000036,-105.08735218048113,stop_loss,3
2010-12-02,2010-12-07,20.51441764831543,20.499155044555664,long,254,-0.0007439940056508958,-0.07439940056508958,-3.8767013549804688,time_limit,5
2010-12-08,2010-12-13,20.773794174194336,20.78905487060547,long,250,0.0007346128628774991,0.07346128628774991,3.815174102783203,time_limit,5
2010-12-23,2010-12-28,21.59010124206543,21.368858337402344,long,241,-0.010247423214117387,-1.0247423214117388,-53.31954002380371,time_limit,5
2011-01-12,2011-01-14,21.78083038330078,21.345213775634765,long,238,-0.020000000000000046,-2.0000000000000044,-103.67675262451195,stop_loss,2
2011-01-18,2011-01-21,21.8647403717041,21.42744556427002,long,234,-0.019999999999999993,-1.9999999999999993,-102.32698493957517,stop_loss,3
2011-01-25,2011-01-28,21.70453643798828,21.270445709228515,long,234,-0.020000000000000046,-2.0000000000000044,-101.5772305297854,stop_loss,3
2011-02-07,2011-02-10,21.513809204101562,21.08353302001953,long,233,-0.020000000000000052,-2.0000000000000053,-100.25435089111355,stop_loss,3
2011-07-06,2011-07-11,20.338356018066406,20.570085525512695,long,245,0.011393718707669661,1.1393718707669662,56.77372932434082,time_limit,5
2011-07-19,2011-07-20,21.27301025390625,20.847550048828126,long,235,-0.019999999999999973,-1.9999999999999973,-99.98314819335924,stop_loss,1
2011-07-22,2011-07-27,21.26528549194336,21.11079216003418,long,233,-0.00726504856789774,-0.726504856789774,-35.99694633483887,time_limit,5
2011-09-15,2011-09-20,20.97974967956543,20.971988677978516,long,235,-0.00036992822628734157,-0.03699282262873416,-1.8238353729248047,time_limit,5
2011-10-06,2011-10-11,20.47450065612793,20.987525939941406,long,241,0.02505679100212538,2.505679100212538,123.63909339904785,time_limit,5
2011-10-13,2011-10-18,21.12744903564453,21.22849464416504,long,236,0.004782669613829469,0.4782669613829469,23.846763610839844,time_limit,5
2011-11-07,2011-11-09,20.83205795288086,20.41541679382324,long,240,-0.02000000000000008,-2.000000000000008,-99.99387817382853,stop_loss,2
2011-12-20,2011-12-21,20.385889053344727,19.97817127227783,long,243,-0.02000000000000009,-2.000000000000009,-99.07542079925582,stop_loss,1
2012-01-04,2012-01-09,21.458833694458008,21.725107192993164,long,229,0.012408572727040821,1.240857272704082,60.97663116455078,time_limit,5
2012-01-13,2012-01-18,22.12451934814453,22.108871459960938,long,223,-0.0007072645483214105,-0.07072645483214104,-3.4894790649414062,time_limit,5
2012-01-20,2012-01-25,23.267959594726562,22.80260040283203,long,212,-0.020000000000000018,-2.0000000000000018,-98.65614868164072,stop_loss,5
2012-01-25,2012-01-30,23.150480270385742,22.687470664978026,long,211,-0.020000000000000066,-2.0000000000000067,-97.69502674102816,stop_loss,5
2012-01-30,2012-02-06,23.189634323120117,23.651708602905273,long,209,0.019925897638000577,1.9925897638000578,96.57352447509766,time_limit,7
2012-02-08,2012-02-13,24.011962890625,23.949317932128906,long,203,-0.002608906184864722,-0.2608906184864722,-12.716926574707031,time_limit,5
2012-02-28,2012-03-05,25.123920440673828,25.0687313079834,long,194,-0.002196676781426295,-0.2196676781426295,-10.70669174194336,time_limit,6
2012-03-13,2012-03-19,25.754579544067383,25.384063720703125,long,189,-0.014386405444138065,-1.4386405444138064,-70.02749061584473,time_limit,6
2012-03-22,2012-03-27,25.226404190063477,25.636323928833008,long,192,0.016249630176424276,1.6249630176424275,78.70458984375,time_limit,5
2012-04-05,2012-04-10,24.848007202148438,24.35104705810547,long,196,-0.020000000000000018,-2.0000000000000018,-97.40418823242196,stop_loss,5
2012-04-25,2012-04-30,25.384063720703125,25.242164611816406,long,190,-0.0055900863804949595,-0.559008638049496,-26.960830688476562,time_limit,5
2012-06-22,2012-06-25,24.360382080078125,23.87317443847656,long,198,-0.02000000000000008,-2.000000000000008,-96.46711303710977,stop_loss,3
2012-07-03,2012-07-06,24.40798568725586,23.919825973510743,long,195,-0.01999999999999995,-1.999999999999995,-95.1911441802976,stop_loss,3
2012-07-18,2012-07-23,24.162002563476562,23.67876251220703,long,195,-0.02000000000000007,-2.000000000000007,-94.23180999755893,stop_loss,5
2012-08-24,2012-08-29,24.409931182861328,24.481822967529297,long,191,0.002945185880673245,0.2945185880673245,13.731330871582031,time_limit,5
2012-09-06,2012-09-10,25.040950775146484,24.540131759643554,long,187,-0.020000000000000028,-2.0000000000000027,-93.65315589904799,stop_loss,4
2012-09-20,2012-09-24,25.120830535888672,24.6184139251709,long,184,-0.02,-2.0,-92.44465637207031,stop_loss,4
2013-01-02,2013-01-04,22.242881774902344,21.798024139404298,long,206,-0.019999999999999962,-1.9999999999999962,-91.64067291259748,stop_loss,2
2013-01-23,2013-01-28,22.234825134277344,22.476423263549805,long,204,0.01086575351114463,1.0865753511144631,49.28601837158203,time_limit,5
2013-02-01,2013-02-05,22.492534637451172,22.042683944702148,long,203,-0.020000000000000025,-2.0000000000000027,-91.31969062805187,stop_loss,4
2013-02-19,2013-02-21,22.776185989379883,22.320662269592283,long,198,-0.020000000000000087,-2.000000000000009,-90.19369651794473,stop_loss,2
2013-03-01,2013-03-06,22.694988250732422,22.808671951293945,long,197,0.0050091984761373295,0.500919847613733,22.395689010620117,time_limit,5
2013-03-14,2013-03-19,22.849266052246094,22.88175392150879,long,196,0.001421834258851467,0.1421834258851467,6.367622375488281,time_limit,5
2013-03-27,2013-04-01,23.036027908325195,23.230907440185547,long,195,0.008459771477786858,0.8459771477786858,38.001508712768555,time_limit,5
2013-04-02,2013-04-05,23.385175704956055,22.917472190856934,long,193,-0.019999999999999987,-1.9999999999999987,-90.26677822113032,stop_loss,3
2013-04-10,2013-04-11,24.586915969848633,24.09517765045166,long,181,-0.02,-2.0,-89.00463581085205,stop_loss,1
2013-04-24,2013-04-29,25.788658142089844,26.478843688964844,long,171,0.026763143048088394,2.6763143048088396,118.021728515625,time_limit,5
2013-04-29,2013-05-06,26.478843688964844,27.404504776000977,long,169,0.03495851623694223,3.495851623694223,156.43672370910645,time_limit,7
2013-05-13,2013-05-20,26.819883346557617,28.684185028076172,long,170,0.06951192357657444,6.951192357657445,316.9312858581543,time_limit,7
2013-06-03,2013-06-04,29.101211547851562,28.51918731689453,long,162,-0.02000000000000002,-2.000000000000002,-94.28792541503915,stop_loss,1
2013-07-10,2013-07-15,28.37346839904785,29.57546043395996,long,164,0.042363239418147604,4.23632394181476,197.12669372558594,time_limit,5
2013-07-15,2013-07-18,29.57546043395996,28.983951225280762,long,161,-0.01999999999999998,-1.999999999999998,-95.23298259735098,stop_loss,3
2013-08-29,2013-09-03,27.626441955566406,27.073913116455078,long,171,-0.020000000000000014,-2.0000000000000013,-94.48243148803718,stop_loss,5
2013-09-13,2013-09-18,27.19826316833496,27.437061309814453,long,172,0.008779904069665308,0.8779904069665309,41.073280334472656,time_limit,5
2013-10-02,2013-10-07,27.931123733520508,27.372501258850097,long,168,-0.020000000000000035,-2.0000000000000036,-93.84857574462907,stop_loss,5
2013-10-10,2013-10-15,27.799362182617188,28.400474548339844,long,167,0.021623243072048933,2.1623243072048934,100.3857650756836,time_limit,5
2013-10-17,2013-10-22,28.754573822021484,28.474586486816406,long,163,-0.009737140843682122,-0.9737140843682123,-45.637935638427734,time_limit,5
2013-11-04,2013-11-11,29.59447479248047,30.953163146972656,long,158,0.045910203307186606,4.591020330718661,214.67276000976562,time_limit,7
2013-11-13,2013-11-18,31.422502517700195,30.79405246734619,long,152,-0.020000000000000018,-2.0000000000000018,-95.52440765380868,stop_loss,5
2013-12-04,2013-12-05,32.307979583740234,31.66181999206543,long,146,-0.02000000000000004,-2.000000000000004,-94.33930038452166,stop_loss,1
2013-12-20,2013-12-26,30.532440185546875,31.063438415527344,long,153,0.017391280446422592,1.7391280446422592,81.24272918701172,time_limit,6
2014-01-31,2014-02-03,31.39531898498535,30.767412605285642,long,150,-0.020000000000000073,-2.000000000000007,-94.1859569549564,stop_loss,3
2014-02-27,2014-03-04,31.6474552154541,32.107215881347656,long,148,0.0145275714196775,1.45275714196775,68.0445785522461,time_limit,5
2014-03-04,2014-03-10,32.107215881347656,31.614017486572266,long,147,-0.015360982920412884,-1.5360982920412884,-72.50016403198242,time_limit,6
2014-04-09,2014-04-10,33.82918167114258,33.15259803771973,long,138,-0.019999999999999983,-1.9999999999999982,-93.36854141235344,stop_loss,1
2014-05-13,2014-05-15,34.025733947753906,33.34521926879883,long,136,-0.019999999999999983,-1.9999999999999982,-92.54999633789055,stop_loss,2
2014-05-21,2014-05-27,33.96680450439453,33.832122802734375,long,135,-0.003965097795488284,-0.3965097795488284,-18.182029724121094,time_limit,6
2014-05-30,2014-06-04,34.463478088378906,33.774208526611325,long,133,-0.02000000000000009,-2.000000000000009,-91.67285171508831,stop_loss,5
2014-06-05,2014-06-10,34.690765380859375,34.60658645629883,long,130,-0.0024265513786269066,-0.24265513786269066,-10.943260192871094,time_limit,5
2014-06-16,2014-06-17,34.93489456176758,34.23619667053222,long,129,-0.020000000000000098,-2.0000000000000098,-90.13202796936079,stop_loss,1
2014-06-20,2014-06-25,35.08641815185547,35.38105010986328,long,127,0.008397322198368418,0.8397322198368418,37.41825866699219,time_limit,5
2014-06-25,2014-06-30,35.38105010986328,35.10325622558594,long,127,-0.00785148782794048,-0.7851487827940481,-35.279823303222656,time_limit,5
2014-07-11,2014-07-16,35.43156051635742,37.10673904418945,long,126,0.04727927597370892,4.7279275973708925,211.07249450683594,time_limit,5
2014-08-04,2014-08-06,36.50905990600586,35.77887870788574,long,125,-0.020000000000000108,-2.0000000000000107,-91.27264976501515,stop_loss,2
2014-08-12,2014-08-18,36.63533401489258,37.973812103271484,long,124,0.036535168147635924,3.6535168147635924,165.97128295898438,time_limit,6
2014-08-19,2014-08-25,38.39734649658203,38.26181411743164,long,120,-0.0035297329507510407,-0.35297329507510405,-16.263885498046875,time_limit,6
2014-08-29,2014-09-03,38.48204040527344,38.08392333984375,long,120,-0.01034552901137568,-1.034552901137568,-47.7740478515625,time_limit,5
2014-09-04,2014-09-09,38.338035583496094,39.60862350463867,long,119,0.03314170644907914,3.314170644907914,151.1999626159668,time_limit,5
2014-09-16,2014-09-22,39.60862350463867,39.862754821777344,long,118,0.00641606030840506,0.6416060308405059,29.98749542236328,time_limit,6
2014-09-24,2014-09-25,39.879703521728516,39.082109451293945,long,117,-0.02,-2.0,-93.31850624084473,stop_loss,1
2014-10-08,2014-10-09,39.625572204589844,38.83306076049804,long,117,-0.0200000000000001,-2.00000000000001,-92.7238389587407,stop_loss,1
2014-10-28,2014-11-03,39.379920959472656,40.18462371826172,long,116,0.02043434164373291,2.043434164373291,93.34552001953125,time_limit,6
2014-11-03,2014-11-10,40.18462371826172,41.41288757324219,long,115,0.03056551838314937,3.056551838314937,141.2503433227539,time_limit,7
2014-11-13,2014-11-18,42.022762298583984,41.54622268676758,long,112,-0.01134003539392421,-1.1340035393924208,-53.3724365234375,time_limit,5
2014-11-20,2014-11-21,41.512115478515625,40.68187316894531,long,112,-0.02000000000000009,-2.000000000000009,-92.98713867187541,stop_loss,1
2014-12-01,2014-12-08,41.44393539428711,40.61505668640137,long,111,-0.020000000000000007,-2.000000000000001,-92.00553657531742,stop_loss,7
2014-12-18,2014-12-23,40.50628662109375,41.29901885986328,long,113,0.019570597674996797,1.9570597674996797,89.57874298095703,time_limit,5
2015-01-08,2015-01-12,40.56595993041992,39.75464073181152,long,114,-0.020000000000000084,-2.0000000000000084,-92.49038864135781,stop_loss,4
2015-04-22,2015-04-27,36.90568161010742,41.232364654541016,long,124,0.11723623181230279,11.723623181230279,536.5086975097656,time_limit,5
2015-04-27,2015-05-04,41.232364654541016,41.41265106201172,long,117,0.004372448899819472,0.43724488998194716,21.093509674072266,time_limit,7
2015-05-14,2015-05-18,41.8247184753418,40.98822410583496,long,116,-0.020000000000000042,-2.000000000000004,-97.03334686279317,stop_loss,4
2015-05-27,2015-05-29,41.13744354248047,40.31469467163086,long,117,-0.019999999999999973,-1.9999999999999973,-96.26161788940416,stop_loss,2
2015-06-10,2015-06-15,40.273380279541016,39.467912673950195,long,118,-0.02,-2.0,-95.0451774597168,stop_loss,5
2015-06-18,2015-06-23,40.36842346191406,39.56105499267578,long,117,-0.02000000000000007,-2.000000000000007,-94.46211090087924,stop_loss,5
2015-07-16,2015-07-21,40.31658935546875,40.85230255126953,long,116,0.013287661589561378,1.328766158956138,62.142730712890625,time_limit,5
2015-07-21,2015-07-22,40.85230255126953,40.03525650024414,long,115,-0.020000000000000063,-2.000000000000006,-93.96029586792022,stop_loss,1
2015-08-04,2015-08-06,41.076961517333984,40.255422286987304,long,113,-0.020000000000000007,-2.000000000000001,-92.83393302917483,stop_loss,2
2015-10-02,2015-10-07,39.63442611694336,40.70421600341797,long,116,0.026991431219872863,2.6991431219872863,124.09562683105469,time_limit,5
2015-10-08,2015-10-12,41.26955032348633,40.4441593170166,long,113,-0.02000000000000007,-2.000000000000007,-93.26918373107942,stop_loss,4
2015-10-16,2015-10-21,41.321746826171875,41.052120208740234,long,112,-0.0065250537099963,-0.65250537099963,-30.19818115234375,time_limit,5
2015-10-26,2015-10-28,47.1838493347168,46.24017234802246,long,97,-0.019999999999999983,-1.9999999999999982,-91.5366677093505,stop_loss,2
2015-11-03,2015-11-09,47.096858978271484,47.105567932128906,long,97,0.00018491581065819743,0.018491581065819742,0.8447685241699219,time_limit,6
2015-11-16,2015-11-23,46.766353607177734,47.44933319091797,long,97,0.014604080306902743,1.4604080306902743,66.24901962280273,time_limit,7
2015-12-01,2015-12-03,48.351219177246094,47.38419479370117,long,95,-0.020000000000000046,-2.0000000000000044,-91.8673164367678,stop_loss,2
2015-12-14,2015-12-18,48.281158447265625,47.31553527832031,long,94,-0.020000000000000025,-2.0000000000000027,-90.76857788085948,stop_loss,4
2015-12-28,2016-01-04,48.990421295166016,48.010612869262694,long,92,-0.020000000000000028,-2.0000000000000027,-90.1423751831056,stop_loss,7
2016-01-04,2016-01-06,47.98345947265625,47.02379028320313,long,93,-0.019999999999999966,-1.9999999999999967,-89.24923461914047,stop_loss,2
2016-03-01,2016-03-07,46.37017059326172,45.44276718139648,long,95,-0.020000000000000018,-2.0000000000000018,-88.10332412719734,stop_loss,6
2016-03-09,2016-03-10,46.599456787109375,45.66746765136719,long,94,-0.019999999999999952,-1.9999999999999951,-87.60697875976541,stop_loss,1
2016-03-15,2016-03-21,47.26087951660156,47.498985290527344,long,91,0.005038115590763406,0.5038115590763406,21.667625427246094,time_limit,6
2016-04-06,2016-04-11,48.61018753051758,47.89585876464844,long,89,-0.01469504238017357,-1.469504238017357,-63.575260162353516,time_limit,5
2016-05-31,2016-06-02,47.06748580932617,46.12613609313965,long,91,-0.019999999999999976,-1.9999999999999976,-85.66282417297353,stop_loss,2
2016-06-23,2016-06-24,46.0994873046875,45.17749755859375,long,92,-0.020000000000000007,-2.000000000000001,-84.82305664062503,stop_loss,1
2016-07-08,2016-07-13,46.44583511352539,47.5203857421875,long,91,0.0231355648151365,2.31355648151365,97.78410720825195,time_limit,5
2016-07-22,2016-07-27,50.23786926269531,49.900413513183594,long,85,-0.006717158877641737,-0.6717158877641737,-28.683738708496094,time_limit,5
2016-07-29,2016-08-03,50.335567474365234,50.59311294555664,long,84,0.005116570332152673,0.5116570332152673,21.633819580078125,time_limit,5
2016-08-03,2016-08-08,50.59311294555664,51.56110382080078,long,84,0.019132858582665148,1.9132858582665149,81.31123352050781,time_limit,5
2016-08-11,2016-08-16,51.774227142333984,51.32842254638672,long,83,-0.00861055047179539,-0.8610550471795391,-37.00178146362305,time_limit,5
2016-08-18,2016-08-23,51.471397399902344,51.73052978515625,long,83,0.005034492909539656,0.5034492909539656,21.50798797607422,time_limit,5
2016-08-24,2016-08-29,51.78416442871094,51.91820526123047,long,83,0.002588452164832351,0.2588452164832351,11.125389099121094,time_limit,5
2016-09-07,2016-09-09,51.52501678466797,50.49451644897461,long,83,-0.02000000000000003,-2.000000000000003,-85.53152786254897,stop_loss,2
2016-09-15,2016-09-20,51.105018615722656,50.76545715332031,long,83,-0.006644385847026702,-0.6644385847026703,-28.18360137939453,time_limit,5
2016-10-24,2016-10-28,54.50963592529297,53.41944320678711,long,78,-0.02000000000000003,-2.000000000000003,-85.03503204345716,stop_loss,4
2016-11-07,2016-11-09,53.991355895996094,52.91152877807617,long,78,-0.02000000000000008,-2.000000000000008,-84.22651519775424,stop_loss,2
2016-11-11,2016-11-14,52.740325927734375,51.68551940917968,long,79,-0.02000000000000008,-2.000000000000008,-83.32971496582064,stop_loss,3
2016-11-16,2016-11-21,53.66338348388672,54.75193405151367,long,77,0.020284791918754205,2.0284791918754204,83.81839370727539,time_limit,5
2016-12-07,2016-12-12,55.21076202392578,55.93046188354492,long,75,0.013035499479381504,1.3035499479381505,53.97748947143555,time_limit,5
2016-12-19,2016-12-27,57.23493957519531,56.9290657043457,long,73,-0.005344180899287087,-0.5344180899287088,-22.328792572021484,time_limit,8
2017-01-11,2017-01-17,56.84809112548828,56.25432205200195,long,73,-0.010444837491123904,-1.0444837491123904,-43.34514236450195,time_limit,6
2017-01-23,2017-01-30,56.641170501708984,58.59339141845703,long,73,0.03446646493100181,3.4466464931001815,142.51212692260742,time_limit,7
2017-02-13,2017-02-21,58.22453689575195,58.36936569213867,long,72,0.002487418605767999,0.2487418605767999,10.42767333984375,time_limit,8
2017-03-01,2017-03-03,58.77663803100586,57.601105270385744,long,72,-0.019999999999999962,-1.9999999999999962,-84.63835876464827,stop_loss,2
2017-03-08,2017-03-13,58.8218994140625,58.56846618652344,long,71,-0.0043084842560944985,-0.43084842560944986,-17.993759155273438,time_limit,5
2017-03-22,2017-03-27,58.858097076416016,58.92146301269531,long,71,0.0010765882593354707,0.10765882593354707,4.498981475830078,time_limit,5
2017-04-17,2017-04-24,59.26539993286133,61.12082290649414,long,70,0.031307018525728744,3.1307018525728743,129.87960815429688,time_limit,7
2017-05-01,2017-05-08,62.8223991394043,62.397010803222656,long,67,-0.006771284478290848,-0.6771284478290848,-28.501018524169922,time_limit,7
2017-05-15,2017-05-22,61.9354133605957,62.308631896972656,long,68,0.006025931145466459,0.6025931145466459,25.378860473632812,time_limit,7
2017-05-22,2017-05-30,62.308631896972656,64.09280395507812,long,68,0.028634428389562427,2.8634428389562427,121.32369995117188,time_limit,8
2017-05-30,2017-06-05,64.09280395507812,65.79497528076172,long,67,0.02655791634387887,2.655791634387887,114.04547882080078,time_limit,6
2017-06-23,2017-06-27,64.82101440429688,63.524594116210935,long,67,-0.020000000000000046,-2.0000000000000044,-86.860159301758,stop_loss,4
2017-07-17,2017-07-24,66.76898956298828,66.99658203125,long,64,0.0034086552717263064,0.34086552717263063,14.56591796875,time_limit,7
2017-07-28,2017-08-02,66.48680877685547,65.15707260131836,long,65,-0.019999999999999966,-1.9999999999999967,-86.43285140991196,stop_loss,5
2017-08-14,2017-08-21,66.98745727539062,65.64770812988282,long,64,-0.01999999999999996,-1.9999999999999958,-85.74394531249982,stop_loss,7
2017-08-22,2017-08-28,66.95086669921875,66.64886474609375,long,63,-0.004510799755315551,-0.4510799755315551,-19.026123046875,time_limit,6
2017-08-29,2017-09-05,66.85018920898438,67.3626708984375,long,63,0.007666121749499098,0.7666121749499097,32.286346435546875,time_limit,7
2017-09-15,2017-09-20,68.91837310791016,68.57978820800781,long,61,-0.004912839416162632,-0.49128394161626315,-20.65367889404297,time_limit,5
2017-09-22,2017-09-25,68.09477233886719,66.73287689208985,long,62,-0.019999999999999934,-1.9999999999999933,-84.43751770019503,stop_loss,3
2017-09-29,2017-10-04,68.16798400878906,68.35101318359375,long,61,0.0026849726813263117,0.26849726813263114,11.164779663085938,time_limit,5
2017-10-04,2017-10-09,68.35101318359375,69.81522369384766,long,61,0.02142192839659851,2.142192839659851,89.31684112548828,time_limit,5
2017-10-12,2017-10-17,70.57477569580078,71.0048828125,long,60,0.006094346208808571,0.6094346208808571,25.806427001953125,time_limit,5
2017-10-19,2017-10-24,71.29771423339844,72.16709899902344,long,59,0.012193725633040681,1.2193725633040682,51.293701171875,time_limit,5
2017-11-14,2017-11-20,76.91661071777344,75.90492248535156,long,55,-0.013153052675890984,-1.3153052675890984,-55.642852783203125,time_limit,6
2017-11-21,2017-11-27,76.99939727783203,77.13736724853516,long,55,0.0017918318270115378,0.17918318270115377,7.588348388671875,time_limit,6
2017-11-27,2017-12-04,77.13736724853516,75.59461990356445,long,55,-0.020000000000000046,-2.0000000000000044,-84.85110397338886,stop_loss,7
2018-01-05,2018-01-10,81.11054992675781,80.77025604248047,long,52,-0.0041954330797242334,-0.41954330797242334,-17.695281982421875,time_limit,5
2018-01-12,2018-01-17,82.40737915039062,82.9040298461914,long,51,0.006026774554914687,0.6026774554914687,25.329185485839844,time_limit,5
2018-01-22,2018-01-29,84.25601959228516,86.38058471679688,long,50,0.025215588569131184,2.5215588569131184,106.22825622558594,time_limit,7
2018-02-06,2018-02-07,83.99849700927734,82.3185270690918,long,51,-0.01999999999999996,-1.9999999999999958,-85.67846694946272,stop_loss,1
2018-02-14,2018-02-20,83.91258239746094,85.67749786376953,long,50,0.021032786929961023,2.1032786929961023,88.24577331542969,time_limit,6
2018-03-02,2018-03-07,85.98245239257812,86.73091888427734,long,49,0.008704874900309604,0.8704874900309604,36.67485809326172,time_limit,5
2018-03-09,2018-03-13,89.20733642578125,87.42318969726563,long,48,-0.019999999999999976,-1.9999999999999976,-85.63904296874989,stop_loss,4
2018-03-26,2018-03-27,86.65701293945312,84.92387268066406,long,49,-0.020000000000000014,-2.0000000000000013,-84.92387268066412,stop_loss,1
2018-04-04,2018-04-06,85.317138671875,83.6107958984375,long,49,-0.01999999999999998,-1.999999999999998,-83.61079589843742,stop_loss,2
2018-04-12,2018-04-17,86.4721908569336,88.77305603027344,long,48,0.026608151713729288,2.6608151713729287,110.4415283203125,time_limit,5
2018-04-17,2018-04-20,88.77305603027344,86.99759490966797,long,47,-0.020000000000000018,-2.0000000000000018,-83.44667266845711,stop_loss,3
2018-05-01,2018-05-03,87.78434753417969,86.02866058349609,long,47,-0.02000000000000003,-2.000000000000003,-82.51728668212904,stop_loss,2
2018-05-04,2018-05-09,87.93218231201172,89.57699584960938,long,47,0.018705478407909037,1.8705478407909037,77.30623626708984,time_limit,5
2018-05-21,2018-05-29,90.57775115966797,90.958251953125,long,46,0.004200819611720045,0.4200819611720045,17.503036499023438,time_limit,8
2018-05-30,2018-06-04,91.83061218261719,94.35489654541016,long,45,0.027488484534689793,2.7488484534689794,113.5927963256836,time_limit,5
2018-06-19,2018-06-25,93.60319519042969,91.73113128662109,long,45,-0.02000000000000001,-2.000000000000001,-84.24287567138677,stop_loss,6
2018-07-02,2018-07-09,92.8143539428711,94.52196502685547,long,45,0.018398135756409407,1.8398135756409406,76.84249877929688,time_limit,7
2018-07-12,2018-07-17,96.693603515625,98.32699584960938,long,43,0.016892454873919664,1.6892454873919664,70.23587036132812,time_limit,5
2018-07-23,2018-07-30,100.20164489746094,98.19761199951172,long,42,-0.019999999999999973,-1.9999999999999973,-84.16938171386707,stop_loss,7
2018-08-22,2018-08-27,99.73947143554688,102.10579681396484,long,42,0.02372506435375611,2.3725064353756107,99.38566589355469,time_limit,5
2018-08-29,2018-09-04,104.3603286743164,104.07152557373047,long,41,-0.002767364804754715,-0.2767364804754715,-11.840927124023438,time_limit,6
2018-09-11,2018-09-17,103.63365936279297,104.47209930419922,long,41,0.008090421071315277,0.8090421071315277,34.37603759765625,time_limit,6
2018-09-20,2018-09-25,105.80432891845703,106.62413787841797,long,40,0.0077483498864470935,0.7748349886447093,32.7923583984375,time_limit,5
2018-10-01,2018-10-04,107.70484161376953,105.55074478149415,long,40,-0.019999999999999952,-1.9999999999999951,-86.16387329101542,stop_loss,3
2018-10-16,2018-10-18,103.4100570678711,101.34185592651367,long,41,-0.019999999999999983,-1.9999999999999982,-84.79624679565423,stop_loss,2
2018-11-07,2018-11-09,104.30441284179688,102.21832458496094,long,40,-0.019999999999999983,-1.9999999999999982,-83.44353027343743,stop_loss,2
2018-11-28,2018-12-03,103.96905517578125,104.87665557861328,long,40,0.008729524388747637,0.8729524388747637,36.30401611328125,time_limit,5
2018-12-06,2018-12-07,102.16325378417969,100.1199887084961,long,41,-0.01999999999999999,-1.9999999999999991,-83.7738681030273,stop_loss,1
2019-01-17,2019-01-22,99.29082489013672,98.87915802001953,long,42,-0.0041460716090604395,-0.41460716090604394,-17.290008544921875,time_limit,5
2019-01-30,2019-01-31,99.53409576416016,97.54341384887695,long,41,-0.02000000000000001,-2.000000000000001,-81.61795852661137,stop_loss,1
2019-02-04,2019-02-11,98.9352798461914,98.4768295288086,long,41,-0.004633840608684152,-0.4633840608684152,-18.796463012695312,time_limit,7
2019-02-21,2019-02-26,102.80631256103516,105.57823944091797,long,40,0.02696261358695406,2.696261358695406,110.8770751953125,time_limit,5
2019-03-08,2019-03-13,103.83990478515625,107.58907318115234,long,40,0.036105275748789314,3.6105275748789314,149.96673583984375,time_limit,5
2019-03-18,2019-03-25,110.47379302978516,110.558349609375,long,38,0.00076539944244556,0.076539944244556,3.2131500244140625,time_limit,7
2019-04-09,2019-04-15,112.08056640625,113.74376678466797,long,37,0.014839328812717554,1.4839328812717554,61.538414001464844,time_limit,6
2019-04-17,2019-04-22,114.42029571533203,116.29017639160156,long,37,0.016342211533184946,1.6342211533184947,69.18558502197266,time_limit,5
2019-04-22,2019-04-29,116.29017639160156,121.93741607666016,long,37,0.048561622832540785,4.856162283254078,208.94786834716797,time_limit,7
2019-04-30,2019-05-01,122.71736145019531,120.2630142211914,long,35,-0.02000000000000007,-2.000000000000007,-85.90215301513702,stop_loss,1
2019-05-16,2019-05-20,121.5965576171875,119.16462646484375,long,35,-0.020000000000000004,-2.0000000000000004,-85.11759033203127,stop_loss,4
2019-05-22,2019-05-23,120.40824890136719,118.00008392333984,long,35,-0.02,-2.0,-84.28577423095703,stop_loss,1
2019-06-06,2019-06-11,120.54971313476562,124.58624267578125,long,35,0.03348435625477669,3.348435625477669,141.27853393554688,time_limit,5
2019-06-18,2019-06-24,127.47222900390625,129.94320678710938,long,34,0.01938444006598021,1.938444006598021,84.01324462890625,time_limit,6
2019-06-24,2019-06-25,129.94320678710938,127.34434265136719,long,33,-0.020000000000000018,-2.0000000000000018,-85.76251647949226,stop_loss,1
2019-07-05,2019-07-10,129.26414489746094,130.0092315673828,long,33,0.005764062962029545,0.5764062962029545,24.587860107421875,time_limit,5
2019-07-24,2019-07-29,132.71597290039062,133.00833129882812,long,32,0.0022028878065560977,0.22028878065560978,9.35546875,time_limit,5
2019-08-08,2019-08-12,130.9900665283203,128.3702651977539,long,33,-0.020000000000000087,-2.000000000000009,-86.45344390869178,stop_loss,4
2019-08-13,2019-08-14,130.71658325195312,128.10225158691406,long,33,-0.019999999999999983,-1.9999999999999982,-86.27294494628899,stop_loss,1
2019-09-18,2019-09-23,131.0761260986328,131.6627960205078,long,32,0.0044757953971994845,0.44757953971994846,18.7734375,time_limit,5
2019-10-15,2019-10-18,133.96224975585938,131.2830047607422,long,32,-0.02,-2.0,-85.73583984375,stop_loss,3
2019-10-25,2019-10-30,133.16734313964844,136.83888244628906,long,31,0.027570868503326646,2.7570868503326644,113.81771850585938,time_limit,5
2019-11-08,2019-11-13,138.11634826660156,139.3937225341797,long,31,0.009248537798816186,0.9248537798816187,39.598602294921875,time_limit,5
2019-11-15,2019-11-20,141.9108123779297,142.06138610839844,long,30,0.0010610448065630803,0.10610448065630804,4.5172119140625,time_limit,5
2019-11-25,2019-12-02,143.59005737304688,141.99493408203125,long,30,-0.011108870072190972,-1.1108870072190973,-47.85369873046875,time_limit,7
2019-12-03,2019-12-09,141.76705932617188,143.71348571777344,long,30,0.01372975076758349,1.372975076758349,58.392791748046875,time_limit,6
2019-12-13,2019-12-18,146.72332763671875,146.57142639160156,long,29,-0.0010352903492843965,-0.10352903492843965,-4.4051361083984375,time_limit,5
2019-12-19,2019-12-24,147.84376525878906,149.4293975830078,long,29,0.010725053717640534,1.0725053717640534,45.98333740234375,time_limit,5
2019-12-26,2019-12-31,150.6542205810547,149.73321533203125,long,28,-0.006113371702905064,-0.6113371702905064,-25.78814697265625,time_limit,5
2019-12-31,2020-01-06,149.73321533203125,150.9960174560547,long,29,0.008433680671474209,0.8433680671474209,36.62126159667969,time_limit,6
2020-01-06,2020-01-13,150.9960174560547,155.03134155273438,long,28,0.026724705490024682,2.672470549002468,112.98907470703125,time_limit,7
2020-01-13,2020-01-21,155.03134155273438,158.08860778808594,long,28,0.01972031077542875,1.972031077542875,85.60345458984375,time_limit,8
2020-02-03,2020-02-10,165.57057189941406,179.16712951660156,long,26,0.08211940963426495,8.211940963426494,353.510498046875,time_limit,7
2020-02-10,2020-02-11,179.16712951660156,175.58378692626954,long,25,-0.019999999999999955,-1.9999999999999956,-89.58356475830058,stop_loss,1
2020-03-02,2020-03-03,164.50900268554688,161.21882263183593,long,27,-0.02000000000000002,-2.000000000000002,-88.8348614501954,stop_loss,1
2020-04-14,2020-04-15,165.3753662109375,162.06785888671874,long,27,-0.02000000000000007,-2.000000000000007,-89.30269775390656,stop_loss,1
2020-04-16,2020-04-21,168.55531311035156,165.18420684814453,long,26,-0.020000000000000028,-2.0000000000000027,-87.64876281738293,stop_loss,5
2020-04-24,2020-04-28,166.1846923828125,162.86099853515626,long,26,-0.019999999999999966,-1.9999999999999967,-86.41604003906235,stop_loss,4
2020-04-29,2020-05-04,168.9266357421875,165.54810302734376,long,26,-0.01999999999999996,-1.9999999999999958,-87.84185058593732,stop_loss,5
2020-05-04,2020-05-11,170.26902770996094,177.7904052734375,long,25,0.044173492176678195,4.4173492176678195,188.03443908691406,time_limit,7
2020-05-11,2020-05-12,177.7904052734375,174.23459716796876,long,25,-0.019999999999999955,-1.9999999999999956,-88.89520263671855,stop_loss,1
2020-05-14,2020-05-19,171.87808227539062,174.82948303222656,long,25,0.01717147828137315,1.7171478281373151,73.78501892089844,time_limit,5
2020-06-05,2020-06-10,178.72474670410156,187.9283447265625,long,24,0.05149593546605219,5.149593546605219,220.8863525390625,time_limit,5
2020-06-22,2020-06-25,191.48947143554688,187.65968200683594,long,23,-0.020000000000000007,-2.000000000000001,-88.08515686035159,stop_loss,3
2020-06-29,2020-07-06,189.45587158203125,201.16082763671875,long,23,0.061781965145479525,6.1781965145479525,269.2139892578125,time_limit,7
2020-07-08,2020-07-13,203.19442749023438,199.1305389404297,long,22,-0.02,-2.0,-89.40554809570312,stop_loss,5
2020-08-03,2020-08-04,206.7364501953125,202.60172119140626,long,22,-0.019999999999999973,-1.9999999999999973,-90.96403808593737,stop_loss,1
2020-08-06,2020-08-07,206.5550537109375,202.42395263671875,long,22,-0.01999999999999999,-1.9999999999999991,-90.88422363281245,stop_loss,1
2020-08-12,2020-08-17,199.71922302246094,200.7598419189453,long,22,0.005210409297293052,0.5210409297293053,22.89361572265625,time_limit,5
2020-08-20,2020-08-25,205.36041259765625,207.16917419433594,long,22,0.00880774231898057,0.8807742318980569,39.792755126953125,time_limit,5
2020-08-25,2020-08-31,207.16917419433594,215.8399200439453,long,22,0.04185345567616032,4.185345567616032,190.75640869140625,time_limit,6
2020-10-09,2020-10-14,206.5375518798828,211.37060546875,long,22,0.023400362524283107,2.3400362524283107,106.32717895507812,time_limit,5
2020-10-15,2020-10-19,210.22215270996094,206.0177096557617,long,22,-0.02000000000000006,-2.0000000000000058,-92.49774719238309,stop_loss,4
2020-11-11,2020-11-16,207.2457733154297,207.8965301513672,long,22,0.003140024645747747,0.3140024645747747,14.316650390625,time_limit,5
2020-11-24,2020-11-30,205.20716857910156,205.4086456298828,long,22,0.0009818226730397399,0.09818226730397399,4.4324951171875,time_limit,6
2020-12-08,2020-12-09,207.27015686035156,203.12475372314452,long,22,-0.020000000000000046,-2.0000000000000044,-91.19886901855489,stop_loss,1
2020-12-11,2020-12-16,204.63143920898438,210.4079132080078,long,22,0.028228673078549215,2.8228673078549216,127.08242797851562,time_limit,5
2020-12-16,2020-12-21,210.4079132080078,213.58395385742188,long,22,0.015094682519256063,1.5094682519256064,69.87289428710938,time_limit,5
2021-01-07,2021-01-12,209.4579315185547,205.26877288818358,long,22,-0.02000000000000008,-2.000000000000008,-92.16148986816444,stop_loss,5
2021-01-13,2021-01-19,207.5868377685547,207.68280029296875,long,22,0.0004622765366321262,0.04622765366321262,2.111175537109375,time_limit,6
2021-02-17,2021-02-22,234.85923767089844,230.16205291748045,long,19,-0.020000000000000073,-2.000000000000007,-89.24651031494173,stop_loss,5
2021-03-22,2021-03-29,226.9633331298828,226.2420196533203,long,20,-0.003178105761029332,-0.31781057610293323,-14.42626953125,time_limit,7
2021-04-01,2021-04-06,233.08006286621094,238.37930297851562,long,19,0.022735707409459883,2.2735707409459884,100.68556213378906,time_limit,5
2021-04-09,2021-04-14,246.06365966796875,245.8135986328125,long,19,-0.0010162452899126803,-0.10162452899126803,-4.75115966796875,time_limit,5
2021-04-21,2021-04-26,250.61273193359375,251.54562377929688,long,18,0.003722443941716092,0.3722443941716092,16.79205322265625,time_limit,5
2021-04-30,2021-05-04,242.53404235839844,237.68336151123046,long,19,-0.020000000000000042,-2.000000000000004,-92.1629360961916,stop_loss,4
2021-05-06,2021-05-11,240.17774963378906,235.37419464111326,long,19,-0.020000000000000077,-2.0000000000000075,-91.26754486084019,stop_loss,5
2021-05-24,2021-06-01,241.7445526123047,238.48629760742188,long,18,-0.013478090693974003,-1.3478090693974003,-58.648590087890625,time_limit,8
2021-06-07,2021-06-14,244.6653594970703,250.52633666992188,long,18,0.02395507555666761,2.395507555666761,105.49758911132812,time_limit,7
2021-06-14,2021-06-16,250.52633666992188,245.51580993652342,long,18,-0.02000000000000005,-2.000000000000005,-90.1894812011721,stop_loss,2
2021-06-22,2021-06-28,255.9438018798828,259.0382385253906,long,17,0.012090297255801744,1.2090297255801745,52.60542297363281,time_limit,6
2021-06-28,2021-07-06,259.0382385253906,267.65606689453125,long,17,0.033268556867120276,3.326855686712028,146.50308227539062,time_limit,8
2021-07-09,2021-07-14,267.9259948730469,272.33135986328125,long,17,0.016442469467443044,1.6442469467443044,74.89120483398438,time_limit,5
2021-07-21,2021-07-26,271.2613220214844,278.6357116699219,long,17,0.02718555521842305,2.718555521842305,125.3646240234375,time_limit,5
2021-08-03,2021-08-09,276.77520751953125,277.9416198730469,long,17,0.004214294928975221,0.4214294928975221,19.829010009765625,time_limit,6
2021-08-12,2021-08-17,279.3683166503906,282.5204162597656,long,17,0.01128295308204053,1.128295308204053,53.585693359375,time_limit,5
2021-08-19,2021-08-24,286.6252136230469,292.27520751953125,long,16,0.019712131480222547,1.9712131480222546,90.39990234375,time_limit,5
2021-09-16,2021-09-20,294.7863464355469,288.89061950683595,long,16,-0.01999999999999997,-1.999999999999997,-94.33163085937485,stop_loss,4
2021-10-14,2021-10-19,292.4007568359375,297.69354248046875,long,16,0.018101135242618294,1.8101135242618294,84.6845703125,time_limit,5
2021-10-21,2021-10-26,300.136962890625,299.5091552734375,long,16,-0.002091737089431013,-0.2091737089431013,-10.044921875,time_limit,5
2021-10-29,2021-11-03,320.2839660644531,322.5825500488281,long,15,0.00717670638533444,0.717670638533444,34.478759765625,time_limit,5
2021-11-04,2021-11-09,324.93914794921875,324.46588134765625,long,14,-0.0014564776345030047,-0.14564776345030048,-6.625732421875,time_limit,5
2021-11-12,2021-11-17,325.2095947265625,328.1267395019531,long,14,0.008970045234499836,0.8970045234499836,40.84002685546875,time_limit,5
2021-12-10,2021-12-14,331.4359130859375,324.80719482421875,long,14,-0.019999999999999987,-1.9999999999999987,-92.80205566406244,stop_loss,4
2021-12-15,2021-12-16,323.8016662597656,317.3256329345703,long,14,-0.020000000000000014,-2.0000000000000013,-90.66446655273444,stop_loss,1
2021-12-21,2021-12-27,316.68023681640625,331.3487548828125,long,15,0.04631965105833317,4.631965105833316,220.02777099609375,time_limit,6
2021-12-27,2022-01-03,331.3487548828125,324.72177978515623,long,14,-0.020000000000000063,-2.000000000000006,-92.77765136718779,stop_loss,7
2022-03-18,2022-03-23,291.29193115234375,290.3805847167969,long,16,-0.003128636045432535,-0.3128636045432535,-14.58154296875,time_limit,5
2022-03-24,2022-03-29,294.8504333496094,305.8163757324219,long,16,0.037191542363480226,3.7191542363480226,175.455078125,time_limit,5
2022-04-04,2022-04-06,305.3896484375,299.28185546875,long,16,-0.020000000000000014,-2.0000000000000013,-97.72468750000007,stop_loss,2
2022-06-24,2022-06-28,260.16204833984375,254.95880737304688,long,18,-0.01999999999999998,-1.999999999999998,-93.65833740234365,stop_loss,4
2022-07-21,2022-07-22,257.3825988769531,252.23494689941407,long,18,-0.019999999999999973,-1.9999999999999973,-92.657735595703,stop_loss,1
2022-08-03,2022-08-08,274.5161437988281,272.4267578125,long,17,-0.007611158882733236,-0.7611158882733237,-35.519561767578125,time_limit,5
2022-08-12,2022-08-17,283.6904296875,283.7179260253906,long,16,9.692374156193308e-05,0.009692374156193308,0.43994140625,time_limit,5
2022-11-10,2022-11-15,236.63937377929688,235.6557159423828,long,20,-0.004156780087795013,-0.41567800877950134,-19.67315673828125,time_limit,5
2022-11-30,2022-12-02,249.18231201171875,244.19866577148437,long,19,-0.020000000000000014,-2.0000000000000013,-94.68927856445319,stop_loss,2
2022-12-02,2022-12-05,249.06512451171875,244.08382202148437,long,18,-0.020000000000000035,-2.0000000000000036,-89.66344482421891,stop_loss,3
2022-12-12,2022-12-15,246.61370849609375,241.68143432617188,long,18,-0.019999999999999973,-1.9999999999999973,-88.78093505859363,stop_loss,3
2022-12-29,2022-12-30,235.38226318359375,234.22006225585938,long,19,-0.004937504262281139,-0.49375042622811394,-22.081817626953125,end_of_data,1
